2015103954 100 100 100
2014103893 65 100 80
2015103977 100 100 80
2017103043 65 0 90
2017103799 65 0 50
2018102175 65 100 0
2018102177 100 40 80
2018102185 100 100 80
2017103817 45 40 80
2011103848 55 0 0
2015104027 90 100 20
2018102191 65 100 0
2015104181 65 0 0
2014103168 65 20 80
2016110558 25 0 0
2013103940 45 0 100
2018102202 100 50 90
2016103933 15 10 0
2017103733 100 100 50
2014104009 40 100 80
2015104074 40 0 100
2017104010 100 100 0
2018102215 55 0 80
2016110565 65 0 80
2015102747 30 100 80
2018102219 100 40 80
2016104032 65 0 50
2014104024 35 100 100
2018102224 45 0 70
2017100918 65 40 80
2013104007 65 0 80
2017103919 65 0 0
2017103922 25 0 10
2014103221 45 40 80
2018102233 65 0 100
2018102234 100 100 100
2018102243 80 40 20
2016104075 40 40 20
2015104132 25 100 80
2017101319 100 100 80
2018102248 65 30 80
2017105715 25 0 10
2015103957 65 50 0
2018102164 65 30 30
2018102167 100 0 0
2018102168 75 0 100
2014103325 45 0 0
2018102716 100 100 100
2015103999 90 0 100
2014100881 100 100 100
2014101181 65 0 0
2014103939 45 0 50
2011103855 65 0 100
2018102190 70 100 10
2017103849 45 0 30
2013103921 85 0 0
2014102700 20 100 50
2016110555 25 100 50
2014104107 100 100 100
2014103975 55 100 100
2015103198 35 0 50
2018102207 45 0 10
2012103000 45 0 50
2016110560 100 100 50
2016110561 70 100 50
2014104001 100 0 50
2014104002 75 0 60
2018102213 75 100 0
2016100347 45 0 30
2018102218 65 50 30
2013100739 65 0 50
2018102225 100 50 50
2018102231 65 0 0
2018102232 0 0 0
2018102239 100 100 50
2018102240 70 0 0
2018102246 100 90 100
2016110568 45 0 50
2017100572 45 0 50
2016100440 40 100 50
2015104141 65 0 90
