2009103928 0 0 0
2009104065 9 9 22
2012105552 18 11 14
2013103861 30 26 40
2013103864 27 13 22
2013103888 16 11 12
2013103966 16	9	18
2013103970 14	11 12
2013103977 22	9	15
2013103978 30	14 27
2013104023 25	13 20
2014102861 30	18 32
2014103231 30	30 32
2014103244 30	26 22
2014103904 14	9	12
2014103920 30	16 24
2014103944 9	9	12
2014103962 25	21 44
2014103973 9	9	12
2014103982 18	13 22
2014104029 26	9	22
2014104047 21	22 17
2014104058 20	19 35
2014104073 25	9	22
2014110450 0	0	0
2015101975 25	12 26
2015101993 13	9	18
2015103214 30	22 12
2015104007 30	22 32
2015104016 30	21 32
2015104028 30	26 32
2015104068 30	18 32
2015104121 30	21 40
2015104137 30	18 22
2015104145 30	30 37
2015104158 25	9	17
2015104163 28	12 12
2015104191 23	9	18
2015104198 30	15 25
2015104203 22	14 18
2016100780 28	10 12
2016103162 28	23 26
2016103979 13	9	12
2016103982 21	13 17
2016104144 25	18 12
2016104162 30	17 44
2016105955 9	14 12
2017103019 16	19 14
2017103730 9	19 18
2017103762 30	32 12
2017103802 30	18 32
2017103804 18	11 22
2017103821 26	21 37
2017103871 30	26 37
2017103920 30	22 32
2017103974 25	11 31
2017103988 13	23 12
2017104024 23	20 27
2018102158 25	17 22
2018102161 30	27 12
2018102162 12	16 28
2018102169 30	26 27
2018102172 28	15 27
2018102173 18	21 17
2018102174 30	30 37
2018102179 20	29 44
2018102183 30	21 37
2018102193 30	21 33
2018102195 12	13 12
2018102198 30	30 12
2018102204 28	24 40
2018102209 30	26 40
2018102214 30	26 40
2018102216 27	25 29
2018102226 30	26 12
2018102235 30	26 40
2018102241 30	26 32
2018102244 20	16 44
2018102247 30	25 22
2018102249 30	26 40
2018102250 30	30 40
2018102252 30	17 22
